H12702  7307                    7024.8580000 6400.46906  8.89%  12.0  361s
 12945  7669 6972.80093  167   94 7024.85800 6400.46906  8.89%  11.9  370s
 13354  8240 7021.08792  182   94 7024.85800 6400.46943  8.89%  11.9  379s
H13966  8580                    7008.8540000 6400.46963  8.68%  11.6  387s
 14475  8869 6689.99292  228  114 7008.85400 6400.46963  8.68%  11.5  395s
 14817  9458 6981.54475  364  115 7008.85400 6400.46966  8.68%  11.4  407s
 15501  9849 6584.08892  176  127 7008.85400 6400.47000  8.68%  11.4  417s
H15816  9834                    7006.9560000 6400.47000  8.66%  11.3  418s
 15934 10117 6717.20214  338  123 7006.95600 6400.47000  8.66%  11.3  427s
 16243 10567 infeasible  369      7006.95600 6400.47029  8.66%  11.5  437s
 16785 11033 6711.95336  221  103 7006.95600 6400.47029  8.66%  11.6  445s
H17397 11462                    7005.2540000 6400.47098  8.63%  11.4  452s
H17574 11429                    7002.7560000 6400.47098  8.60%  11.4  452s
 17856 12173 6647.10916  250  116 7002.75600 6400.47169  8.60%  11.2  460s
H18696 12699                    7002.6580000 6400.47169  8.60%  10.9  467s
H18837 12677                    7000.2580000 6400.47169  8.57%  10.9  467s
 19296 13263 6625.54769  264   98 7000.25800 6400.47169  8.57%  10.8  474s
 19893 13577 6715.15451  405   81 7000.25800 6400.47169  8.57%  10.6  481s
H20280 13719                    6995.0540000 6400.47169  8.50%  10.6  487s
H20281 13340                    6969.2540000 6400.47169  8.16%  10.6  487s
 20483 13867 6761.66724  471   74 6969.25400 6400.47169  8.16%  10.6  494s
 21028 13868 6910.07008  642  136 6969.25400 6400.47169  8.16%  10.4  574s
H21029 13175                    6959.4460000 6400.47169  8.03%  10.4  576s
 21040 13182 6705.63396  212  163 6959.44600 6496.41316  6.65%  10.4  581s
 21044 13185 6551.07550  152  166 6959.44600 6496.91316  6.65%  10.4  586s
 21049 13188 6754.98980  285  160 6959.44600 6497.31316  6.64%  10.4  590s
 21053 13191 6768.39568  270  153 6959.44600 6497.31316  6.64%  10.4  595s
H21053 12531                    6951.7440000 6497.31316  6.54%  10.4  600s
 21056 12533 6627.24908  203  153 6951.74400 6497.31316  6.54%  10.4  605s
 21059 12535 6497.31316   39  153 6951.74400 6497.31316  6.54%  10.4  610s
H21062 11911                    6934.9440000 6497.31316  6.31%  10.5  614s
 21064 11912 6584.38440  163  166 6934.94400 6497.31316  6.31%  10.5  615s
 21073 11918 6497.31316   57  165 6934.94400 6497.31316  6.31%  10.5  620s
 21076 11920 6769.67122  411  153 6934.94400 6497.31316  6.31%  10.5  625s
 21078 11921 6689.66518  282  153 6934.94400 6497.31316  6.31%  10.5  631s
 21079 11922 6604.99632  179  153 6934.94400 6497.31316  6.31%  10.5  636s
 21082 11927 6497.86666   35  151 6934.94400 6497.86666  6.30%  10.5  643s
 21084 11929 6497.86666   36  148 6934.94400 6497.86666  6.30%  10.5  645s
 21132 11962 6499.01900   42  138 6934.94400 6499.01900  6.29%  10.5  650s
 21155 11977 6508.27053   45  138 6934.94400 6499.27000  6.28%  10.5  655s
 21201 12005 6536.68010   51  134 6934.94400 6499.27000  6.28%  10.5  661s
 21247 12040 6548.48219   56  138 6934.94400 6499.27000  6.28%  10.6  665s
 21344 12109 6570.99038   68  138 6934.94400 6499.27000  6.28%  10.6  670s
 21458 12176 6594.98800   81  130 6934.94400 6499.27000  6.28%  10.6  675s
 21555 12251 6598.99562   93  126 6934.94400 6499.27000  6.28%  10.6  681s
 21626 12289 6598.99901  101  124 6934.94400 6499.27000  6.28%  10.6  685s
 21733 12354 6611.49708  114  124 6934.94400 6499.27000  6.28%  10.6  690s
 21821 12406 6599.00579  125  122 6934.94400 6499.27000  6.28%  10.6  695s
 21951 12487 6606.01034  141  128 6934.94400 6499.27000  6.28%  10.6  701s
 22041 12543 6620.40330  153  124 6934.94400 6499.27000  6.28%  10.6  705s
 22180 12650 6647.40153  172  120 6934.94400 6499.27000  6.28%  10.7  712s
 22298 12693 6650.91819  187  121 6934.94400 6499.27000  6.28%  10.7  716s
 22400 12761 6688.60650  199  117 6934.94400 6499.27000  6.28%  10.8  720s
H22409 12161                    6925.3440000 6499.27000  6.15%  10.8  720s
 22511 12210 6707.30340  211  113 6925.34400 6499.27000  6.15%  10.8  725s
 22601 12291 6693.39980  222  119 6925.34400 6499.27000  6.15%  10.9  731s
 22752 12417 6809.92960  243  112 6925.34400 6499.27000  6.15%  10.9  737s
 22885 12495 6817.15978  259  110 6925.34400 6499.27032  6.15%  11.0  740s
 23042 12541 6524.87535   62  142 6925.34400 6499.27032  6.15%  11.0  748s
 23140 12651 6532.08483   77  130 6925.34400 6499.27032  6.15%  11.0  751s
 23342 12752 6570.01956  119  130 6925.34400 6499.27032  6.15%  11.0  757s
 23468 12834 6604.78816  135  124 6925.34400 6499.27032  6.15%  11.0  760s
 23853 13089 6736.60053  207  126 6925.34400 6499.27032  6.15%  11.0  768s
 24074 13268 6740.01213  266  110 6925.34400 6499.27032  6.15%  11.0  772s
 24332 13332 6767.32338  308  104 6925.34400 6499.27032  6.15%  10.9  776s
 24489 13353 6788.12962  335  104 6925.34400 6499.27032  6.15%  10.9  781s
 24565 13407 6813.22349  362  102 6925.34400 6499.27032  6.15%  10.9  792s
 24645 13552 6813.22687  382  104 6925.34400 6499.27032  6.15%  10.9  799s
 24824 13656 6816.13586  442  109 6925.34400 6499.27032  6.15%  10.9  806s
 24998 13894 6885.74155  485  108 6925.34400 6499.27101  6.15%  10.8  813s
 25400 13776 infeasible   91      6925.34400 6499.27101  6.15%  10.9  817s
 25420 13924 6700.68573   91  127 6925.34400 6499.27101  6.15%  10.9  823s
 25593 14059 6916.17232  129   90 6925.34400 6499.27107  6.15%  11.0  829s
 25837 14276 6569.58458   64  126 6925.34400 6499.27146  6.15%  11.0  836s
 26177 14311 6643.31613  107  119 6925.34400 6499.27146  6.15%  11.0  843s
 26325 14695 6684.62244  124  114 6925.34400 6499.27232  6.15%  11.1  850s
 26839 14795 6599.60009   92  116 6925.34400 6499.27654  6.15%  11.2  856s
 27142 15000 6806.53770  160  114 6925.34400 6499.27699  6.15%  11.2  861s
 27526 15204 6499.27718   49  134 6925.34400 6499.27718  6.15%  11.2  868s
 27912 15576 6576.29433  102  132 6925.34400 6499.27767  6.15%  11.2  877s
 28454 15776 6627.43025  173  133 6925.34400 6499.27767  6.15%  11.3  884s
 28846 15951 6735.01231  218  118 6925.34400 6499.27767  6.15%  11.3  891s
 29205 16509 6796.43214  254  126 6925.34400 6499.27767  6.15%  11.4  900s
H30016 15709                    6922.6500000 6499.47354  6.11%  11.3  904s
 30032 16125 6528.48066   66  125 6922.65000 6499.47354  6.11%  11.3  912s
 30495 16605 6863.30787  188  110 6922.65000 6499.81819  6.11%  11.4  922s
 31285 17003 6616.77635  224  127 6922.65000 6499.81819  6.11%  11.4  940s
H31556 16358                    6917.1520000 6499.81819  6.03%  11.4  941s
 31962 16660 6810.18323  404  115 6917.15200 6499.81819  6.03%  11.3  946s
 32421 17132 6859.42953  564  119 6917.15200 6499.81825  6.03%  11.3  953s
H32931 16446                    6916.6500000 6499.81825  6.03%  11.2  954s
 33124 16572 6742.41932  270  114 6916.65000 6499.81825  6.03%  11.2  958s
 33330 17175 6902.71770  303  114 6916.65000 6499.81844  6.03%  11.2  964s
 34107 17284 6840.92037  247  117 6916.65000 6499.87440  6.03%  11.1  969s
 34513 17583 6580.18620   76  131 6916.65000 6499.87442  6.03%  11.0  975s
 35016 17676 6631.09946  126  118 6916.65000 6499.87442  6.03%  11.0  983s
 35276 18057 6644.10799  148  122 6916.65000 6499.87442  6.03%  11.0  989s
 35788 18429 6675.30785  205  115 6916.65000 6499.87623  6.03%  11.1  995s
 36373 18656 6513.67894   61  126 6916.65000 6499.87623  6.03%  11.0 1001s
 37066 19158 6669.80626  252  114 6916.65000 6499.87623  6.03%  11.0 1010s
 38152 19928 6893.86122  449  101 6916.65000 6499.87728  6.03%  10.9 1020s
 39001 20358 6653.90123  231  114 6916.65000 6500.06697  6.02%  10.8 1025s
 40110 20402 6702.82999  232  109 6916.65000 6500.06697  6.02%  10.7 1032s
 40278 20914 6702.88277  276  113 6916.65000 6500.06716  6.02%  10.7 1037s
 40941 21103 6638.50582  131  108 6916.65000 6500.31807  6.02%  10.6 1042s
H41429 20459                    6915.4500000 6500.31807  6.00%  10.6 1045s
 41639 21420 6646.01658  105  107 6915.45000 6500.36648  6.00%  10.6 1067s
 42629 21092 6610.32016   94  117 6915.45000 6500.47079  6.00%  10.6 1073s
H42633 20595                    6912.8540000 6500.47079  5.97%  10.6 1073s
 42634 20734 6629.90191   95  117 6912.85400 6500.47079  5.97%  10.6 1078s
 42799 21035 6664.71809  114  111 6912.85400 6500.47079  5.97%  10.7 1084s
 43226 21225 6760.72469  137  108 6912.85400 6500.47079  5.97%  10.7 1089s
 43613 21737 6775.43003  153  106 6912.85400 6500.47118  5.97%  10.8 1094s
 43920 21634 6888.35852  161   95 6912.85400 6500.47369  5.97%  10.8 1095s
H44572 21287                    6911.4580000 6500.47369  5.95%  10.7 1099s
 44681 21464 6622.93671  183  119 6911.45800 6500.47369  5.95%  10.7 1102s
 44906 21816 6718.91060  249  119 6911.45800 6500.47693  5.95%  10.7 1106s
 45346 22090 6588.79581   82  132 6911.45800 6500.47712  5.95%  10.7 1112s
 45860 22297 6533.78058   64  135 6911.45800 6500.47896  5.95%  10.7 1118s
 46306 22322 6581.38580  117  128 6911.45800 6500.47896  5.95%  10.7 1122s
 46399 22683 6581.89109  122  130 6911.45800 6500.47896  5.95%  10.7 1127s
 46814 22783 6616.49351  167  120 6911.45800 6500.47896  5.95%  10.7 1130s
 46914 23267 6623.59695  177  120 6911.45800 6500.47896  5.95%  10.8 1137s
 47454 23858 6642.76659  234  124 6911.45800 6500.47896  5.95%  10.8 1143s
 48202 24209 infeasible  279      6911.45800 6500.47896  5.95%  10.7 1148s
 48621 24726 6899.32727  312  111 6911.45800 6500.47896  5.95%  10.7 1153s
 49255 25432 6899.33883  353  110 6911.45800 6500.47937  5.95%  10.7 1158s
 50087 25668 6730.08421  235  119 6911.45800 6500.47937  5.95%  10.6 1166s
 50369 25899 6875.14748  287  101 6911.45800 6500.47937  5.95%  10.6 1173s
 50590 26706 6875.17674  325  103 6911.45800 6500.48120  5.95%  10.6 1179s
 51515 27303 6832.96591  276  116 6911.45800 6500.59306  5.94%  10.5 1185s
 52195 28295 6595.07575  201  116 6911.45800 6500.59306  5.94%  10.5 1202s
 53189 28652 6651.67320  414  110 6911.45800 6500.59306  5.94%  10.4 1207s
 53546 28929 6736.57657  531   79 6911.45800 6500.59306  5.94%  10.4 1211s
 53827 29041 6774.58062  613   60 6911.45800 6500.59306  5.94%  10.4 1215s
H53884 29041                    6911.4579991 6500.59306  5.94%  10.4 1215s
 53943 29501 6812.87420  640   54 6911.45800 6500.59306  5.94%  10.4 1220s
 54463 29997 6900.67019  784   30 6911.45800 6500.59329  5.94%  10.4 1226s
 55083 30329 6686.51378  129  116 6911.45800 6500.59587  5.94%  10.3 1230s
 55842 31141 6771.51116  207  102 6911.45800 6500.66894  5.94%  10.3 1239s
 56389 31583 6612.90692  103  118 6911.45800 6500.66899  5.94%  10.3 1244s
 56907 31891 6500.81993   41  140 6911.45800 6500.66899  5.94%  10.3 1249s
H56982 31891                    6911.4579982 6500.66899  5.94%  10.3 1249s
 57219 32431 6534.29008   79  130 6911.45800 6500.66899  5.94%  10.3 1256s
 57813 32780 6582.80484  151  113 6911.45800 6500.66899  5.94%  10.3 1262s
 58222 32908 6651.21793  203  119 6911.45800 6500.66899  5.94%  10.3 1266s
 58357 33015 6666.72070  219  113 6911.45800 6500.66899  5.94%  10.4 1270s
 58469 33363 6666.74343  232  110 6911.45800 6500.66899  5.94%  10.4 1277s
 58870 33556 6766.62417  282  105 6911.45800 6500.66899  5.94%  10.5 1283s
 59097 33563 6793.41264  304   90 6911.45800 6500.66899  5.94%  10.5 1286s
 59105 33803 6771.62321  305  101 6911.45800 6500.66899  5.94%  10.5 1292s
 59437 34347 6771.62900  349  100 6911.45800 6500.66899  5.94%  10.5 1300s
 59989 34772 6786.52908  389   96 6911.45800 6500.66899  5.94%  10.5 1305s
 60418 35294 6845.32401  423   96 6911.45800 6500.66917  5.94%  10.5 1312s
 60972 36081 6500.82001   43  129 6911.45800 6500.76503  5.94%  10.5 1319s
 61817 36586 6667.83377  155  110 6911.45800 6500.76704  5.94%  10.5 1325s
 62438 36968 6655.31345  146  104 6911.45800 6500.81912  5.94%  10.5 1339s
 62875 37742 6892.67396  237  100 6911.45800 6500.81912  5.94%  10.5 1350s
 63779 37837 6719.52175  124  112 6911.45800 6500.81912  5.94%  10.5 1355s
 63885 37933 6824.81351  135   94 6911.45800 6500.81912  5.94%  10.6 1363s
 64016 38315 6831.63004  140   94 6911.45800 6500.81957  5.94%  10.6 1370s
 64443 39325 6577.99510   68  127 6911.45800 6500.82018  5.94%  10.7 1381s
 65701 39812 6560.69736   57  122 6911.45800 6500.82037  5.94%  10.6 1387s
 66293 40319 6523.42684   68  137 6911.45800 6500.82131  5.94%  10.7 1393s
 66834 40885 6614.69374  171  123 6911.45800 6500.82201  5.94%  10.6 1399s
 67480 41229 6558.87319  142  119 6911.45800 6500.82216  5.94%  10.6 1404s
 67850 42023 6639.87959  262  112 6911.45800 6500.82216  5.94%  10.6 1411s
 68796 42170 6723.78261  370  111 6911.45800 6500.82216  5.94%  10.6 1415s
 68953 42642 6743.48331  383  103 6911.45800 6500.82216  5.94%  10.5 1422s
 69475 43324 6810.27811  457   61 6911.45800 6500.82216  5.94%  10.5 1429s
 70292 43338 6879.78025  537   43 6911.45800 6500.82216  5.94%  10.5 1433s
 70310 43424 6881.58017  538   45 6911.45800 6500.82216  5.94%  10.5 1437s
 70397 43739 6894.98840  560   50 6911.45800 6500.82216  5.94%  10.5 1444s
 70735 44242 6894.98928  621   51 6911.45800 6500.82254  5.94%  10.5 1450s
 71342 44974 6584.87915  184  117 6911.45800 6500.84559  5.94%  10.6 1458s
 72075 45118 6703.08869  358  104 6911.45800 6500.84559  5.94%  10.5 1462s
 72219 45712 6719.89340  384   96 6911.45800 6500.84559  5.94%  10.5 1469s
 72824 46415 6827.48227  498   60 6911.45800 6500.84559  5.94%  10.5 1489s
 73586 46760 6909.19202  660   52 6911.45800 6500.91994  5.94%  10.5 1494s
 73982 47362 6625.56256   81  129 6911.45800 6500.96110  5.94%  10.5 1500s
 74750 47947 6510.82905   50  138 6911.45800 6500.96923  5.94%  10.5 1507s
 75403 48112 6645.30923  110  104 6911.45800 6500.96923  5.94%  10.5 1514s
 75596 48289 6664.31678  120  107 6911.45800 6500.96923  5.94%  10.5 1519s
 75831 48653 infeasible  135      6911.45800 6500.96923  5.94%  10.6 1524s
 76271 49325 6533.26701  110  110 6911.45800 6500.96923  5.94%  10.6 1531s
 76985 50025 6649.67627  319  114 6911.45800 6500.96923  5.94%  10.6 1539s
 77784 50529 6743.38804  483   98 6911.45800 6500.96923  5.94%  10.5 1545s
 78313 50969 6808.28389  576   84 6911.45800 6500.96923  5.94%  10.5 1551s
 78844 51536 6908.88634  720   54 6911.45800 6500.97732  5.94%  10.5 1557s
 79439 51831 6629.91880  138  116 6911.45800 6500.97732  5.94%  10.5 1561s
 79738 52375 6717.12439  204  109 6911.45800 6500.97865  5.94%  10.5 1567s
 80317 52941 6543.18874   69  132 6911.45800 6500.98404  5.94%  10.5 1573s
 80923 53755 6538.39673   77  131 6911.45800 6500.98535  5.94%  10.5 1580s
 81825 54357 6778.92165  316  121 6911.45800 6501.01751  5.94%  10.4 1586s
 82466 55113 6638.61356  145  108 6911.45800 6501.01796  5.94%  10.4 1594s
 83300 55536 6654.32075  140  107 6911.45800 6501.01796  5.94%  10.3 1613s
 83755 56365 infeasible  258      6911.45800 6501.07102  5.94%  10.3 1627s
 84674 57087 6697.43690  231  117 6911.45800 6501.07144  5.94%  10.3 1637s
 85486 58094 6644.94570  174  118 6911.45800 6501.07160  5.94%  10.2 1646s
 86669 59102 6577.49638   92  112 6911.45800 6501.07209  5.94%  10.2 1654s
 87791 59873 6543.49778  118  120 6911.45800 6501.07345  5.94%  10.1 1661s
 88657 60217 6803.00623  320   94 6911.45800 6501.07345  5.94%  10.1 1665s
 89007 60992 6829.62061  388   94 6911.45800 6501.07409  5.94%  10.1 1672s
 89908 61364 6635.46078  185  114 6911.45800 6501.07459  5.94%  10.0 1676s
 90335 61790 6856.65841  295  118 6911.45800 6501.07829  5.94%  10.0 1681s
 90852 62652 6542.39208   73  131 6911.45800 6501.07829  5.94%  10.0 1688s
 91805 63383 6696.03046  312  112 6911.45800 6501.09488  5.94%  10.0 1694s
 92658 63888 6529.77462   48  138 6911.45800 6501.09488  5.94%   9.9 1698s
 93179 64473 6665.12502  187  102 6911.45800 6501.16416  5.94%   9.9 1703s
 93845 65441 6547.38537   64  123 6911.45800 6501.16871  5.94%   9.9 1719s
 94298 65441 6678.92954  132  112 6911.45800 6501.16871  5.94%   9.9 1720s
 95219 65861 6739.35254  184  112 6911.45800 6501.16871  5.94%   9.8 1726s
 95360 65864 6739.44403  224  112 6911.45800 6501.16871  5.94%   9.8 1733s
 95364 65954 infeasible  225      6911.45800 6501.17022  5.94%   9.8 1738s
 95468 66946 6552.49357   64  131 6911.45800 6501.17120  5.94%   9.8 1746s
 96538 67437 6592.27573  171  124 6911.45800 6501.17186  5.94%   9.8 1751s
 97048 67701 6645.59061  304  113 6911.45800 6501.17186  5.94%   9.8 1755s
 97314 68306 6711.08290  371  103 6911.45800 6501.17186  5.94%   9.8 1761s
 97958 68646 6759.31083  544  105 6911.45800 6501.17186  5.94%   9.8 1767s
 98320 69295 6759.48483  610  109 6911.45800 6501.17448  5.94%   9.8 1773s
 99087 70201 6640.51758  173  115 6911.45800 6501.23114  5.94%   9.8 1780s
 100351 71191 6553.07871   66  118 6911.45800 6501.26637  5.93%   9.7 1791s
 101327 72060 6564.98287   98  126 6911.45800 6501.26637  5.93%   9.7 1800s

Cutting planes:
  Gomory: 24
  Implied bound: 164
  Projected implied bound: 1
  MIR: 1
  Flow cover: 81
  Inf proof: 1
  Zero half: 37
  RLT: 2
  Relax-and-lift: 27

Explored 102096 nodes (986912 simplex iterations) in 1800.33 seconds (725.40 work units)
Thread count was 8 (of 8 available processors)

Solution count 10: 6911.46 6911.46 6911.46 ... 6934.94

Time limit reached
Best objective 6.911457998188e+03, best bound 6.501266367044e+03, gap 5.9350%

User-callback calls 406511, time in user-callback 24.50 sec
Complete at: 2022-11-05 14:56:27.634798

Optimal cost: 6911.46


Hello
instance_demo2_N11.txt start at: 2022-11-05 14:56:34.6234292 / 3
Costly constraint at: 2022-11-05 14:56:35.649780
2022-11-05 14:56:38.182125
Ready to optimise at: 2022-11-05 14:56:43.395671
Set parameter LazyConstraints to value 1
Set parameter TimeLimit to value 1800
Gurobi Optimizer version 9.5.1 build v9.5.1rc2 (win64)
Thread count: 4 physical cores, 8 logical processors, using up to 8 threads
Optimize a model with 54593 rows, 47754 columns and 563831 nonzeros
Model fingerprint: 0x3cec2804
Variable types: 1452 continuous, 46302 integer (46302 binary)
Coefficient statistics:
  Matrix range     [5e-01, 1e+05]
  Objective range  [1e+00, 1e+03]
  Bounds range     [1e+00, 1e+00]
  RHS range        [1e+00, 1e+05]
Presolve removed 3063 rows and 474 columns
Presolve time: 1.02s
Presolved: 51530 rows, 47280 columns, 418384 nonzeros
Variable types: 1452 continuous, 45828 integer (45828 binary)
Found heuristic solution: objective 45390.882000

Deterministic concurrent LP optimizer: primal and dual simplex
Showing first log only...

Concurrent spin time: 0.01s

Solved with dual simplex

Root relaxation: objective 4.488272e+03, 339 iterations, 0.46 seconds (0.15 work units)

    Nodes    |    Current Node    |     Objective Bounds      |     Work
 Expl Unexpl |  Obj  Depth IntInf | Incumbent    BestBd   Gap | It/Node Time

     0     0 4488.27203    0  213 45390.8820 4488.27203  90.1%     -    2s
H    0     0                    43216.882000 4488.27203  89.6%     -    3s
H    0     0                    34010.454000 4488.27203  86.8%     -    5s
     0     0 4488.47068    0  209 34010.4540 4488.47068  86.8%     -    6s
     0     0 4488.47148    0  204 34010.4540 4488.47148  86.8%     -    7s
     0     0 4488.47148    0  204 34010.4540 4488.47148  86.8%     -    7s
     0     0 4489.74971    0  211 34010.4540 4489.74971  86.8%     -    7s
     0     0 4489.74971    0  211 34010.4540 4489.74971  86.8%     -    8s
     0     0 4494.87823    0  205 34010.4540 4494.87823  86.8%     -    8s
     0     0 4494.87823    0  205 34010.4540 4494.87823  86.8%     -    8s
     0     0 4503.20313    0  207 34010.4540 4503.20313  86.8%     -    9s
     0     0 4503.20313    0  207 34010.4540 4503.20313  86.8%     -    9s
     0     0 4503.20313    0  206 34010.4540 4503.20313  86.8%     -   10s
     0     0 4503.20313    0  207 34010.4540 4503.20313  86.8%     -   10s
     0     0 4503.20313    0  203 34010.4540 4503.20313  86.8%     -   11s
     0     0 4503.20313    0  207 34010.4540 4503.20313  86.8%     -   11s
     0     0 4503.20313    0  202 34010.4540 4503.20313  86.8%     -   11s
     0     0 4503.20313    0  203 34010.4540 4503.20313  86.8%     -   12s
     0     0 4503.20313    0  202 34010.4540 4503.20313  86.8%     -   12s
     0     0 4503.20313    0  202 34010.4540 4503.20313  86.8%     -   12s
     0     0 4503.20313    0  201 34010.4540 4503.20313  86.8%     -   13s
     0     0 4503.20313    0  200 34010.4540 4503.20313  86.8%     -   15s
     0     2 4507.86434    0  198 34010.4540 4507.86434  86.7%     -   17s
H   32    32                    33024.185000 4507.86434  86.3%   9.5   20s
H   91    74                    33012.647000 4507.86434  86.3%   6.9   25s
H   93    74                    33008.585000 4507.86434  86.3%   7.4   25s
H   96    75                    31024.509000 4507.86434  85.5%   7.5   26s
H  135   103                    31006.647000 4507.86434  85.5%   7.8   28s
   179   151 4549.65868   37  186 31006.6470 4507.86434  85.5%   7.2   30s
   297   224 4579.50730   54  190 31006.6470 4507.86434  85.5%   7.4   35s
   425   320 4607.23201   77  202 31006.6470 4507.86434  85.5%   9.1   40s
   547   426 4617.22577  103  193 31006.6470 4507.86434  85.5%   8.8   45s
   674   520 4636.61407  127  179 31006.6470 4507.86434  85.5%   8.6   50s
   746   556 4650.95740  143  173 31006.6470 4507.86434  85.5%   8.6   55s
   752   557 infeasible  144      31006.6470 4507.86434  85.5%   8.5   62s
H  753   557                    28092.702000 4507.86434  84.0%   8.5   62s
H  757   557                    28053.909000 4507.86434  83.9%   8.5   62s
   782   606 4658.07658  147  173 28053.9090 4507.86434  83.9%   8.5   66s
   887   691 4674.53041  169  169 28053.9090 4507.86434  83.9%   9.0   71s
   980   764 4700.60468  185  169 28053.9090 4507.86434  83.9%   9.5   76s
  1080   829 4730.77965  204  171 28053.9090 4507.86434  83.9%  10.2   80s
  1168   908 4756.32185  221  169 28053.9090 4507.86434  83.9%  10.5   85s
  1278   998 4780.34300  245  175 28053.9090 4507.86434  83.9%  11.2   90s
  1396  1094 4808.86673  270  169 28053.9090 4507.86434  83.9%  11.9   95s
H 1407  1094                    26214.067000 4507.86434  82.8%  11.8   95s
H 1502  1184                    26200.336000 4507.86434  82.8%  11.6  101s
H 1543  1184                    26195.074000 4507.86434  82.8%  11.6  101s
H 1603  1223                    26189.212000 4507.86434  82.8%  11.6  104s
  1607  1298 4853.33366  305  161 26189.2120 4507.86434  82.8%  11.5  107s
  1695  1367 4880.32359  319  151 26189.2120 4507.86434  82.8%  11.4  110s
  1858  1498 4943.43074  350  156 26189.2120 4507.86434  82.8%  11.4  116s
H 1902  1498                    26188.474000 4507.86434  82.8%  11.5  117s
  1991  1601 4961.75742  369  160 26188.4740 4507.86434  82.8%  11.5  122s
  2069  1700 5996.48855  382  162 26188.4740 4507.86434  82.8%  11.5  125s
H 2199  1792                    26187.343000 4507.86434  82.8%  11.5  129s
  2306  1841 4538.33026   49  178 26187.3430 4507.86434  82.8%  11.7  132s
  2377  1957 4552.52180   62  178 26187.3430 4507.86434  82.8%  11.8  136s
  2529  2049 4555.45401   92  182 26187.3430 4507.86434  82.8%  12.0  140s
H 2787  2256                    26182.936000 4507.86434  82.8%  12.3  148s
  2897  2379 4602.37081  168  176 26182.9360 4507.86434  82.8%  12.6  152s
  3054  2518 4614.77204  189  182 26182.9360 4507.86434  82.8%  12.6  157s
  3213  2519 4590.03399  156  200 26182.9360 4507.86434  82.8%  12.6  173s
H 3214  2394                    23303.488000 4507.86434  80.7%  12.6  177s
  3220  2398 4543.71621   26  197 23303.4880 4529.59589  80.6%  12.5  180s
H 3223  2279                    23302.957000 4559.91818  80.4%  12.5  183s
  3226  2281 4726.24133  220  178 23302.9570 4569.08597  80.4%  12.5  185s
  3232  2285 4610.37498   79  201 23302.9570 4581.93526  80.3%  12.5  190s
H 3232  2171                    22304.088000 4584.30243  79.4%  12.5  192s
  3239  2175 4671.73854  163  191 22304.0880 4588.86811  79.4%  12.5  195s
  3246  2180 4600.29937   35  233 22304.0880 4600.29937  79.4%  12.4  202s
  3250  2183 4651.61139  140  186 22304.0880 4605.36077  79.4%  12.4  206s
  3255  2186 6969.05641   21  177 22304.0880 4609.67702  79.3%  12.4  210s
  3262  2191 5086.00468  351  192 22304.0880 4615.23607  79.3%  12.4  215s
  3266  2193 5292.70771  465  201 22304.0880 4617.89717  79.3%  12.4  220s
  3273  2198 5120.18311  380  222 22304.0880 4619.40374  79.3%  12.3  226s
H 3279  2091                    21312.950000 4622.30015  78.3%  12.3  231s
  3286  2096 4623.75985  100  239 21312.9500 4623.75985  78.3%  12.3  236s
H 3288  1990                    19370.343000 4624.84340  76.1%  12.3  241s
  3293  1993 4625.86446   76  286 19370.3430 4625.86446  76.1%  12.3  245s
  3301  1999 4836.78998  289  239 19370.3430 4628.22988  76.1%  12.2  250s
  3305  2001 4628.65573  138  218 19370.3430 4628.65573  76.1%  12.2  256s
  3309  2004 4986.16927  319  224 19370.3430 4628.80493  76.1%  12.2  260s
H 3313  1907                    16550.736000 4628.80493  72.0%  15.2  267s
  3322  1913 4628.80493   70  234 16550.7360 4628.80493  72.0%  15.2  270s
  3326  1915 4726.24133  220  251 16550.7360 4629.15169  72.0%  15.2  275s
  3331  1919 4902.17472  338  278 16550.7360 4629.47351  72.0%  15.1  280s
  3337  1923 4850.12785  244  279 16550.7360 4630.50614  72.0%  15.1  286s
  3342  1926 4631.25766   63  291 16550.7360 4631.25766  72.0%  15.1  291s
  3346  1929 4631.43732   35  270 16550.7360 4631.43732  72.0%  15.1  295s
  3349  1931 4877.91523  316  271 16550.7360 4631.47461  72.0%  15.1  302s
  3351  1932 4632.28024   33  269 16550.7360 4632.28024  72.0%  15.1  306s
H 3351  1837                    15709.991000 4632.28024  70.5%  16.2  310s
  3352  1839 4632.28024   21  260 15709.9910 4632.28024  70.5%  16.2  315s
  3382  1861 4633.27360   26  223 15709.9910 4633.17250  70.5%  16.2  320s
H 3417  1791                    14696.122000 4633.17250  68.5%  16.2  328s
H 3418  1704                    13785.845998 4633.17250  66.4%  16.2  329s
  3429  1716 4634.14540   32  178 13785.8460 4633.17250  66.4%  16.1  330s
H 3483  1664                    13784.646000 4633.17250  66.4%  16.0  337s
H 3484  1585                    12793.508000 4633.17250  63.8%  16.0  337s
  3512  1608 4635.30886   43  180 12793.5080 4633.17250  63.8%  16.0  340s
H 3513  1533                    11814.439000 4633.17250  60.8%  16.0  341s
H 3515  1460                    10820.232000 4633.17250  57.2%  16.0  341s
H 3517  1392                    10815.501000 4633.17250  57.2%  16.0  341s
H 3519  1327                    10810.101000 4633.17250  57.1%  16.0  342s
  3549  1350 4640.17812   47  184 10810.1010 4633.17250  57.1%  16.0  345s
H 3550  1288                    10809.570000 4633.17250  57.1%  16.0  345s
  3629  1345 4646.71126   57  184 10809.5700 4633.17250  57.1%  15.9  351s
  3692  1361 4653.90940   65  180 10809.5700 4633.17250  57.1%  15.8  355s
  3775  1428 4661.50515   74  179 10809.5700 4633.17250  57.1%  15.7  360s
  3868  1484 4669.23460   85  179 10809.5700 4633.17250  57.1%  15.6  365s
  4016  1581 4688.82653  103  168 10809.5700 4633.17250  57.1%  15.4  371s
  4109  1618 4691.76361  115  156 10809.5700 4633.17250  57.1%  15.3  375s
  4226  1698 4700.02236  128  158 10809.5700 4633.17250  57.1%  15.2  381s
  4311  1731 4706.48344  136  158 10809.5700 4633.17250  57.1%  15.1  385s
  4467  1804 4715.27863  155  155 10809.5700 4633.17250  57.1%  14.9  391s
H 4554  1774                    10803.018000 4633.17250  57.1%  14.9  396s
H 4560  1717                    10788.501000 4633.17250  57.1%  14.9  397s
H 4561  1664                    8812.0870000 4633.17250  47.4%  14.9  397s
  4611  1762 4740.26932  171  160 8812.08700 4633.17250  47.4%  14.9  402s
  4695  1789 4746.13142  182  161 8812.08700 4633.17250  47.4%  14.8  405s
  4806  1833 4760.99257  191  159 8812.08700 4633.17250  47.4%  14.8  411s
  4930  1888 4799.71674  205  157 8812.08700 4633.17250  47.4%  14.8  417s
H 4941  1834                    8810.2870000 4633.17250  47.4%  14.8  417s
H 4975  1780                    8802.4180000 4633.17250  47.4%  14.8  422s
H 4976  1734                    8747.2870000 4633.17250  47.0%  14.8  422s
H 4977  1691                    8703.7420000 4633.17250  46.8%  14.8  422s
  4979  1730 4814.11560  211  147 8703.74200 4633.17250  46.8%  14.9  426s
H 5019  1676                    8674.9420000 4633.17250  46.6%  14.9  426s
  5021  1752 4815.31656  216  153 8674.94200 4633.17250  46.6%  15.0  430s
  5207  1830 4840.70500  242  147 8674.94200 4633.17250  46.6%  15.1  437s
  5274  1895 4849.03364  249  147 8674.94200 4633.17250  46.6%  15.2  441s
  5390  1940 4866.15927  267  151 8674.94200 4633.17250  46.6%  15.3  445s
  5552  2042 4888.68625  289  147 8674.94200 4633.17250  46.6%  15.8  454s
  5688  2075 4926.59903  307  147 8674.94200 4633.17250  46.6%  16.0  458s
  5748  2151 4934.30887  314  152 8674.94200 4633.17250  46.6%  16.3  462s
  5834  2245 infeasible  324      8674.94200 4633.17250  46.6%  16.3  466s
  5936  2362 5149.91746  331  141 8674.94200 4633.17250  46.6%  16.4  471s
H 5953  2362                    7806.0240000 4633.17250  40.6%  16.4  471s
  6068  2474 5192.70237  351  141 7806.02400 4633.17250  40.6%  16.5  476s
H 6077  2474                    7806.0239380 4633.17250  40.6%  16.5  477s
H 6103  2474                    7725.6450000 4633.17250  40.0%  16.5  477s
H 6121  2474                    7720.3140000 4633.17250  40.0%  16.6  477s
H 6151  2474                    7710.9690000 4633.17250  39.9%  16.6  477s
H 6190  2577                    7701.3000000 4633.17250  39.8%  16.5  483s
H 6219  2577                    7628.8590000 4633.17250  39.3%  16.6  483s
  6337  2637 5233.08771  379  153 7628.85900 4633.17250  39.3%  16.7  488s
  6418  2705 5241.27948  388  153 7628.85900 4633.17250  39.3%  17.1  493s
  6510  2851 5250.90191  397  150 7628.85900 4633.17250  39.3%  17.5  500s
H 6613  2851                    7625.9280000 4633.17250  39.2%  17.7  500s
  6671  2924 5318.73598  416  152 7625.92800 4633.17250  39.2%  17.6  506s
H 6705  2924                    7619.3280000 4633.17250  39.2%  17.8  506s
  6745  3086 5339.59113  424  150 7619.32800 4633.17250  39.2%  17.9  513s
  6936  3181 5400.51465  449  115 7619.32800 4633.17250  39.2%  18.0  525s
H 6962  3181                    7511.8800000 4633.17250  38.3%  18.0  525s
H 6985  3180                    6521.4800000 4633.17250  29.0%  18.1  525s
  7031  3315 5414.78435  463  113 6521.48000 4633.17250  29.0%  18.1  532s
H 7039  3281                    5523.1420000 4633.17250  16.1%  18.1  532s
H 7145  3281                    5522.0110000 4633.17250  16.1%  18.2  532s
  7170  3506 5441.63794  479  111 5522.01100 4633.17250  16.1%  18.1  540s
H 7172  3506                    5521.9420000 4633.17250  16.1%  18.1  541s
  7485  3736 5441.65921  505  105 5521.94200 4633.17250  16.1%  17.7  548s
  7724  3937 5489.09665  528  115 5521.94200 4633.17250  16.1%  17.5  556s
  7942  4119 5495.56413  551  110 5521.94200 4633.17250  16.1%  17.3  564s
  8129  4367 5517.68945  572  110 5521.94200 4633.17250  16.1%  17.1  572s
  8429  4627 5495.61533  611  114 5521.94200 4633.17777  16.1%  16.6  580s
H 8538  4625                    5521.3420000 4633.17777  16.1%  16.5  581s
H 8658  4616                    5518.8040000 4633.17777  16.0%  16.3  581s
H 8698  4774                    5508.1420000 4633.17777  15.9%  16.3  589s
  8895  5099 4747.40031  167  221 5508.14200 4633.17777  15.9%  16.1  599s
  9249  5450 4831.13047  249  216 5508.14200 4633.17777  15.9%  15.7  609s
  9619  5674 5011.77110  353  216 5508.14200 4633.17777  15.9%  15.4  618s
H 9848  5970                    5507.5420000 4633.17777  15.9%  15.4  628s
H 9907  5907                    5493.6730000 4633.17777  15.7%  15.4  629s
 10181  6217 5099.88809  482  201 5493.67300 4633.17777  15.7%  15.2  640s
 10578  6511 5171.25051  570  205 5493.67300 4633.17777  15.7%  15.2  661s
H10744  6511                    5493.6040000 4633.17777  15.7%  15.0  661s
 10912  6934 5386.08659  663  218 5493.60400 4633.18411  15.7%  15.1  674s
 11386  7372 4663.57712  115  212 5493.60400 4633.18412  15.7%  14.7  685s
H11852  7640                    5479.2040000 4633.18412  15.4%  14.4  695s
 12171  7693 4885.26790  347  215 5479.20400 4633.18412  15.4%  14.3  706s
H12173  7690                    5473.8730000 4633.18412  15.4%  14.3  706s
H12179  7558                    5404.7350000 4633.18412  14.3%  14.3  706s
 12230  7858 infeasible  350      5404.73500 4633.18412  14.3%  14.3  715s
H12342  7858                    5404.6660000 4633.18412  14.3%  14.2  716s
 12575  8342 5014.41844  438  208 5404.66600 4633.23449  14.3%  14.1  728s
 13135  8847 4666.08106   80  186 5404.66600 4633.23449  14.3%  13.9  741s
H13729  8994                    5404.5970000 4633.23449  14.3%  13.8  752s
H13771  8994                    5403.5350000 4633.23449  14.3%  13.8  752s
H13858  8941                    5396.7970000 4633.23449  14.1%  13.8  752s
 13901  9381 5037.25382  295  168 5396.79700 4633.23449  14.1%  13.8  763s
H13978  9381                    5396.7280000 4633.23449  14.1%  13.9  763s
 14357  9953 infeasible  366      5396.72800 4633.25276  14.1%  13.8  776s
H14547  9953                    5396.4520000 4633.25276  14.1%  13.8  776s
 14983 10425 4852.86440  213  213 5396.45200 4633.25276  14.1%  13.7  787s
 15502 10847     cutoff  358      5396.45200 4633.31693  14.1%  13.8  799s
H16007 11141                    5357.5690000 4633.31693  13.5%  13.7  810s
H16371 11474                    5351.7070000 4633.31693  13.4%  13.5  820s
H16440 11471                    5348.9620000 4633.31693  13.4%  13.5  820s
 16717 11894 4749.52416  152  186 5348.96200 4633.31693  13.4%  13.4  832s
 17168 12294 4846.85100  219  186 5348.96200 4633.31693  13.4%  13.4  844s
H17594 12434                    5338.9000000 4633.31693  13.2%  13.3  853s
 17758 12848 4938.04547  293  188 5338.90000 4633.45589  13.2%  13.4  865s
H17947 12847                    5336.3620000 4633.45589  13.2%  13.3  865s
 18213 13283 4688.22706  171  190 5336.36200 4633.45589  13.2%  13.2  877s
H18669 13614                    5326.7620000 4633.45589  13.0%  13.1  889s
 19069 13888 4810.53664  495  174 5326.76200 4633.45589  13.0%  13.0  912s
H19160 13786                    5296.0450000 4633.45589  12.5%  13.0  912s
H19209 13493                    5253.1690000 4633.45589  11.8%  13.0  912s
 19350 13715 4893.21832  587  141 5253.16900 4633.45589  11.8%  13.0  922s
 19635 14056 4956.68058  678  111 5253.16900 4633.45589  11.8%  13.0  934s
 19995 14642 4977.33716  751  125 5253.16900 4633.45589  11.8%  12.9  951s
H20712 15108                    5253.0310000 4633.45589  11.8%  12.9  965s
H21173 15092                    5251.9000000 4633.45589  11.8%  12.8  966s
 21236 15093 4977.33581  737  200 5251.90000 4633.45589  11.8%  12.8 1059s
 21238 15094 4732.88389  186  213 5251.90000 4633.45589  11.8%  12.8 1063s
 21239 15095 4808.11663  180  214 5251.90000 4633.45589  11.8%  12.8 1065s
 21247 15100 4654.30441   58  262 5251.90000 4633.45589  11.8%  12.8 1074s
 21248 15101 4836.13049  204  262 5251.90000 4633.45589  11.8%  12.8 1077s
 21249 15102 4643.04149   66  284 5251.90000 4633.45589  11.8%  12.8 1084s
 21250 15102 4745.82261  137  294 5251.90000 4633.45589  11.8%  12.8 1087s
 21251 15103 4678.41897   93  286 5251.90000 4633.46511  11.8%  12.8 1094s
 21253 15104 4741.89240  206  283 5251.90000 4633.50125  11.8%  12.8 1098s
 21254 15105 5043.43414  328  271 5251.90000 4634.82829  11.7%  12.8 1105s
 21258 15108 4951.79794  293  280 5251.90000 4635.51578  11.7%  12.8 1113s
 21260 15109 4639.25004   43  275 5251.90000 4635.60608  11.7%  12.8 1116s
 21261 15110 4945.17357  530  270 5251.90000 4635.66620  11.7%  12.8 1120s
 21263 15111 4662.63345   88  245 5251.90000 4635.89425  11.7%  12.8 1131s
 21264 15112 4799.94663  204  264 5251.90000 4635.90406  11.7%  12.8 1135s
 21265 15112 4698.01448  180  212 5251.90000 4636.08178  11.7%  12.8 1142s
 21267 15114 4670.96488  102  233 5251.90000 4636.10538  11.7%  12.8 1146s
H21267 14357                    5251.3000000 4636.32616  11.7%  12.8 1151s
 21270 14359 4835.51549  129  329 5251.30000 4636.75921  11.7%  12.8 1162s
 21273 14361 4818.27600  333  341 5251.30000 4636.92415  11.7%  12.8 1166s
 21274 14361 4696.75554  143  317 5251.30000 4637.44066  11.7%  12.8 1175s
 21277 14363 4744.72457  182  275 5251.30000 4637.75481  11.7%  12.8 1183s
 21279 14365 4854.93635  298  294 5251.30000 4637.79716  11.7%  12.8 1187s
H21279 13646                    5241.9070000 4638.16478  11.5%  12.8 1196s
 21282 13648 5115.22194  218  285 5241.90700 4638.20998  11.5%  12.8 1200s
 21285 13650 4802.81057  189  285 5241.90700 4638.31747  11.5%  12.8 1208s
 21286 13650 4747.94702  179  280 5241.90700 4638.65278  11.5%  12.8 1213s
 21288 13652 4638.74023   46  282 5241.90700 4638.74023  11.5%  12.8 1217s
 21289 13652 5187.70078 1216  258 5241.90700 4638.88638  11.5%  12.8 1221s
 21293 13655 4700.48389  180  315 5241.90700 4639.28251  11.5%  12.8 1232s
 21294 13656 4800.84793  392  345 5241.90700 4639.28857  11.5%  12.8 1236s
 21295 13656 4639.52932   66  298 5241.90700 4639.52932  11.5%  12.8 1241s
 21298 13658 5192.71650  352  336 5241.90700 4639.72380  11.5%  12.8 1252s
 21300 13660 5038.75959  414  349 5241.90700 4639.76211  11.5%  12.8 1255s
 21303 13662 4800.94050  183  322 5241.90700 4640.01358  11.5%  12.8 1263s
 21304 13662 4903.83176  540  281 5241.90700 4640.20006  11.5%  12.8 1267s
 21306 13664 4991.68723  744  279 5241.90700 4640.38252  11.5%  12.8 1271s
 21307 13664 4640.51860   40  303 5241.90700 4640.51860  11.5%  12.8 1278s
 21308 13665 5117.59792  491  330 5241.90700 4640.52914  11.5%  12.8 1282s
 21309 13666 4893.96580  208  303 5241.90700 4640.59613  11.5%  12.8 1286s
 21311 13667 4821.31711  190  302 5241.90700 4640.66208  11.5%  12.8 1294s
 21312 13668 4898.85073  381  317 5241.90700 4640.66741  11.5%  12.8 1297s
 21313 13668 5022.38903  539  296 5241.90700 4640.76706  11.5%  12.8 1302s
 21316 13670 4649.28833   76  378 5241.90700 4640.87752  11.5%  12.8 1306s
 21317 13671 4860.41360  238  347 5241.90700 4640.98463  11.5%  12.8 1310s
 21320 13673 4685.43255  147  351 5241.90700 4641.16015  11.5%  12.8 1318s
 21322 13674 5063.36814  139  354 5241.90700 4641.20061  11.5%  12.8 1321s
 21323 13675 4713.75865  175  306 5241.90700 4641.33033  11.5%  12.8 1325s
 21327 13678 5227.83480 1262  370 5241.90700 4641.56556  11.5%  12.8 1333s
 21328 13678 5041.15940  428  373 5241.90700 4641.58364  11.5%  12.8 1336s
 21329 13679 4741.21564  204  360 5241.90700 4641.65222  11.5%  12.8 1340s
 21331 13680 5202.04417  803  351 5241.90700 4641.73456  11.4%  12.8 1348s
 21332 13681 4726.81373  176  360 5241.90700 4641.74078  11.4%  12.8 1351s
 21333 13682 4851.27909  399  360 5241.90700 4641.78133  11.4%  12.8 1355s
 21335 13683 4868.79076  473  373 5241.90700 4641.86621  11.4%  12.8 1363s
 21336 13684 4977.33581  737  384 5241.90700 4641.87621  11.4%  12.8 1367s
 21337 13684 4815.85141  311  386 5241.90700 4641.89914  11.4%  12.8 1371s
 21339 13686 4808.11663  180  406 5241.90700 4641.92838  11.4%  12.8 1375s
 21342 13688 4819.26087  387  396 5241.90700 4642.00587  11.4%  12.8 1382s
 21343 13688 4778.51962  387  353 5241.90700 4642.03435  11.4%  12.8 1386s
 21346 13690 5032.41727  805  340 5241.90700 4642.13793  11.4%  12.8 1393s
 21348 13692 4836.13049  204  354 5241.90700 4642.17684  11.4%  12.8 1397s
 21351 13694 4678.41897   93  337 5241.90700 4642.24466  11.4%  12.8 1401s
 21355 13696 4652.23182  113  359 5241.90700 4642.28446  11.4%  12.8 1406s
 21359 13699 4825.03387  268  329 5241.90700 4642.31566  11.4%  12.7 1411s
 21362 13701 4686.37150  129  344 5241.90700 4642.32158  11.4%  12.7 1416s
 21365 13703 4698.01448  180  311 5241.90700 4642.38266  11.4%  12.7 1421s
 21368 13705 5017.74912  529  326 5241.90700 4642.38269  11.4%  12.7 1425s
 21373 13708 4818.27600  333  319 5241.90700 4642.41027  11.4%  12.7 1431s
 21377 13711 4744.72457  182  318 5241.90700 4642.43881  11.4%  12.7 1437s
 21380 13713 5169.31428 1164  320 5241.90700 4642.47506  11.4%  12.7 1440s
 21384 13716 5202.24192  797  344 5241.90700 4642.52516  11.4%  12.7 1448s
 21386 13717 4747.94702  179  351 5241.90700 4642.56290  11.4%  12.7 1450s
H21389 13031                    5241.9069754 4642.63091  11.4%  12.7 1456s
 21394 13034 4800.84793  392  341 5241.90698 4642.97195  11.4%  12.7 1461s
 21398 13037 5192.71650  352  359 5241.90698 4643.03630  11.4%  12.7 1465s
H21400 12383                    5241.9069696 4643.11357  11.4%  12.7 1470s
 21403 12385 4800.94050  183  367 5241.90697 4643.13896  11.4%  12.7 1475s
 21407 12388 4643.20965   40  365 5241.90697 4643.20965  11.4%  12.7 1481s
 21409 12389 4893.96580  208  389 5241.90697 4643.21843  11.4%  12.7 1485s
 21412 12391 4898.85073  381  402 5241.90697 4643.23572  11.4%  12.7 1490s
 21415 12393 4698.81801  114  381 5241.90697 4643.23847  11.4%  12.7 1496s
 21419 12396 4643.25797   36  393 5241.90697 4643.25797  11.4%  12.7 1501s
 21423 12399 4713.75865  175  391 5241.90697 4643.25797  11.4%  12.7 1511s
 21425 12400 4694.75691  138  391 5241.90697 4643.83540  11.4%  12.7 1516s
 21426 12404 4643.83540   33  390 5241.90697 4643.83540  11.4%  13.5 1533s
 21428 12407 4643.83540   34  391 5241.90697 4643.83540  11.4%  13.5 1543s
 21440 12415 4644.08576   36  386 5241.90697 4644.08576  11.4%  13.5 1545s
 21467 12433 4645.47404   39  334 5241.90697 4644.35964  11.4%  13.5 1550s
 21488 12449 4645.50777   42  323 5241.90697 4644.35964  11.4%  13.5 1555s
 21515 12463 4645.81009   46  334 5241.90697 4644.35964  11.4%  13.5 1560s
H21517 11839                    5241.8380000 4644.35964  11.4%  13.5 1560s
 21550 11863 4646.37472   50  257 5241.83800 4644.35964  11.4%  13.5 1568s
 21554 11874 4646.89782   50  248 5241.83800 4644.35964  11.4%  13.5 1570s
H21582 11293                    5241.8379728 4644.35964  11.4%  13.5 1573s
 21586 11307 4648.55981   54  252 5241.83797 4644.35964  11.4%  13.5 1575s
H21627 10762                    5241.8379695 4644.35964  11.4%  13.5 1580s
 21663 10784 4648.56983   64  257 5241.83797 4644.35964  11.4%  13.5 1586s
 21684 10812 4651.03657   66  251 5241.83797 4644.35964  11.4%  13.4 1590s
 21741 10838 4656.43947   75  220 5241.83797 4644.35964  11.4%  13.4 1595s
 21766 10875 4658.23669   79  216 5241.83797 4644.35964  11.4%  13.4 1600s
 21845 10916 4659.62946   89  214 5241.83797 4644.35964  11.4%  13.4 1606s
 21892 10953 4676.09119   95  214 5241.83797 4644.35964  11.4%  13.4 1611s
 21947 10989 4680.89146  102  211 5241.83797 4644.35964  11.4%  13.4 1616s
 21972 11021 4682.08854  105  215 5241.83797 4644.35964  11.4%  13.4 1623s
 22008 11037 4682.62215  110  214 5241.83797 4644.35964  11.4%  13.4 1626s
 22036 11064 4682.62318  115  213 5241.83797 4644.35964  11.4%  13.4 1630s
 22105 11115 4685.02516  124  206 5241.83797 4644.35964  11.4%  13.4 1637s
 22147 11142 4685.02635  130  218 5241.83797 4644.35964  11.4%  13.4 1641s
 22188 11175 4698.68240  135  210 5241.83797 4644.35964  11.4%  13.4 1645s
 22274 11237 4698.69155  147  211 5241.83797 4644.35964  11.4%  13.4 1654s
 22325 11263 4710.54940  153  211 5241.83797 4644.35964  11.4%  13.4 1658s
 22368 11306 4715.21148  157  211 5241.83797 4644.35964  11.4%  13.4 1663s
 22425 11350 4722.34707  163  211 5241.83797 4644.35964  11.4%  13.4 1668s
 22488 11380 4734.06144  169  205 5241.83797 4644.35964  11.4%  13.4 1673s
 22539 11422 4734.07248  177  201 5241.83797 4644.35964  11.4%  13.4 1679s
 22598 11465 4734.53974  184  184 5241.83797 4644.35964  11.4%  13.5 1684s
 22661 11454 4751.18691  192  188 5241.83797 4644.35964  11.4%  13.5 1689s
 22671 11523 4747.06153  193  184 5241.83797 4644.35964  11.4%  13.5 1695s
 22743 11558 4760.65990  203  184 5241.83797 4644.35964  11.4%  13.5 1702s
 22802 11607 4788.11102  210  160 5241.83797 4644.35964  11.4%  13.5 1709s
 22871 11616 4785.35637  218  158 5241.83797 4644.35964  11.4%  13.5 1714s
 22905 11684 4795.77288  218  158 5241.83797 4644.35964  11.4%  13.5 1721s
 22986 11739 4800.57208  226  158 5241.83797 4644.35964  11.4%  13.5 1729s
 23075 11808 4785.72916  236  155 5241.83797 4644.35964  11.4%  13.6 1737s
 23194 11858 4809.04083  246  151 5241.83797 4644.35964  11.4%  13.6 1744s
 23288 11932 4785.98790  260  164 5241.83797 4644.35964  11.4%  13.6 1752s
 23420 11993 4804.77212  276  179 5241.83797 4644.35964  11.4%  13.6 1761s
 23540 12076 4825.51339  295  173 5241.83797 4644.35964  11.4%  13.6 1771s
 23689 12079 4865.35160  312  170 5241.83797 4644.35964  11.4%  13.7 1779s
 23742 12174 4870.08602  319  172 5241.83797 4644.35964  11.4%  13.7 1788s
 23859 12243 4900.96164  333  172 5241.83797 4644.35964  11.4%  13.8 1798s
 23985 12223 4960.07087  353  172 5241.83797 4644.35964  11.4%  13.8 1800s

Cutting planes:
  Gomory: 24
  Lift-and-project: 5
  Cover: 1
  Implied bound: 141
  MIR: 51
  StrongCG: 3
  Flow cover: 301
  Zero half: 123
  RLT: 11
  Relax-and-lift: 92

Explored 24009 nodes (332680 simplex iterations) in 1800.16 seconds (818.43 work units)
Thread count was 8 (of 8 available processors)

Solution count 10: 5241.84 5241.84 5241.91 ... 5326.76

Time limit reached
Best objective 5.241837969497e+03, best bound 4.644359641483e+03, gap 11.3983%

User-callback calls 322715, time in user-callback 32.99 sec
Complete at: 2022-11-05 15:26:43.572617

Optimal cost: 5241.84


Hello
instance_demo3_N12.txt start at: 2022-11-05 15:26:50.7270343 / 3
Costly constraint at: 2022-11-05 15:26:51.624739
2022-11-05 15:26:54.631432
Ready to optimise at: 2022-11-05 15:26:59.148436
Set parameter LazyConstraints to value 1
Set parameter TimeLimit to value 1800
Gurobi Optimizer version 9.5.1 build v9.5.1rc2 (win64)
Thread count: 4 physical cores, 8 logical processors, using up to 8 threads
Optimize a model with 49965 rows, 42381 columns and 500511 nonzeros
Model fingerprint: 0x4883f331
Variable types: 1404 continuous, 40977 integer (40977 binary)
Coefficient statistics:
  Matrix range     [5e-01, 1e+05]
  Objective range  [5e-01, 1e+03]
  Bounds range     [1e+00, 1e+00]
  RHS range        [1e+00, 1e+05]
Found heuristic solution: objective 55619.008000
Presolve removed 3039 rows and 457 columns
Presolve time: 1.38s
Presolved: 46926 rows, 41924 columns, 376845 nonzeros
Variable types: 1404 continuous, 40520 integer (40520 binary)
Found heuristic solution: objective 54619.008000

Deterministic concurrent LP optimizer: primal and dual simplex
Showing first log only...

Concurrent spin time: 0.00s

Solved with dual simplex

Root relaxation: objective 8.461131e+03, 359 iterations, 0.69 seconds (0.14 work units)

    Nodes    |    Current Node    |     Objective Bounds      |     Work
 Expl Unexpl |  Obj  Depth IntInf | Incumbent    BestBd   Gap | It/Node Time

     0     0 8461.13118    0  200 54619.0080 8461.13118  84.5%     -    3s
H    0     0                    52225.408000 8461.13118  83.8%     -    4s
H    0     0                    43396.744000 8461.13118  80.5%     -    7s
     0     0 8461.13127    0  200 43396.7440 8461.13127  80.5%     -    7s
     0     0 8461.14095    0  203 43396.7440 8461.14095  80.5%     -    8s
     0     0 8461.14095    0  203 43396.7440 8461.14095  80.5%     -    8s
     0     0 8470.67971    0  205 43396.7440 8470.67971  80.5%     -    9s
     0     0 8470.67971    0  205 43396.7440 8470.67971  80.5%     -    9s
     0     0 8479.07622    0  202 43396.7440 8479.07622  80.5%     -   10s
     0     0 8479.07622    0  202 43396.7440 8479.07622  80.5%     -   10s
     0     0 8479.07622    0  202 43396.7440 8479.07622  80.5%     -   10s
     0     0 8479.07622    0  202 43396.7440 8479.07622  80.5%     -   11s
     0     0 8479.07622    0  202 43396.7440 8479.07622  80.5%     -   13s
     0     2 8488.67394    0  202 43396.7440 8488.67394  80.4%     -   15s
    95    79 8525.69733   17  201 43396.7440 8489.27655  80.4%   5.5   20s
   213   157 8549.18191   40  206 43396.7440 8489.27655  80.4%   6.0   25s
H  215   157                    43364.770000 8489.27655  80.4%   5.9   25s
H  216   157                    43359.428000 8489.27655  80.4%   5.9   25s
H  362   256                    41361.770000 8489.27655  79.5%   6.3   31s
   453   344 8602.94063   77  208 41361.7700 8489.27655  79.5%   6.8   35s
H  473   348                    35772.906000 8489.27655  76.3%   6.9   41s
H  475   348                    33687.222000 8489.27655  74.8%   6.9   42s
   501   385 8602.94600   88  206 33687.2220 8489.27655  74.8%   7.1   45s
   634   509 8630.25188  113  208 33687.2220 8489.27655  74.8%   7.4   50s
   812   655 8694.41477  143  210 33687.2220 8489.27655  74.8%   8.5   56s
   920   723 8730.90138  159  204 33687.2220 8489.27655  74.8%   9.2   60s
  1050   839 8752.47048  187  206 33687.2220 8489.27655  74.8%  10.1   65s
  1245   987 8846.94096  214  208 33687.2220 8489.27655  74.8%   9.9   70s
H 1346  1030                    32795.242000 8490.41865  74.1%   9.6   73s
  1368  1106 8532.40956   16  203 32795.2420 8490.41865  74.1%   9.7   75s
H 1469  1168                    32776.158000 8490.41865  74.1%   9.6   77s
  1536  1169 8630.96599  103  202 32776.1580 8490.41865  74.1%   9.5   89s
H 1537  1111                    30719.100000 8490.41865  72.4%   9.5   92s
  1539  1112 16214.8103   82  203 30719.1000 8490.41865  72.4%   9.5   95s
  1546  1117 8847.66363  205  193 30719.1000 8573.36961  72.1%   9.4  100s
  1551  1120 8597.65550   18  203 30719.1000 8597.65550  72.0%   9.4  106s
  1556  1123 8603.37978   12  198 30719.1000 8603.37978  72.0%   9.4  110s
  1560  1126 8767.01163  184  234 30719.1000 8610.74702  72.0%   9.4  115s
  1567  1131 8647.11026  110  226 30719.1000 8618.82898  71.9%   9.3  120s
H 1569  1075                    30711.784000 8622.27097  71.9%   9.3  123s
  1572  1077 8775.89702  178  222 30711.7840 8622.57820  71.9%   9.3  125s
  1577  1082 8627.54024   96  202 30711.7840 8622.60788  71.9%  12.8  130s
  1580  1084 8668.59415  120  210 30711.7840 8622.60788  71.9%  12.7  135s
  1589  1090 8623.03133   17  219 30711.7840 8623.03133  71.9%  12.7  140s
  1595  1094 8625.68058   75  231 30711.7840 8625.68058  71.9%  12.6  145s
  1603  1099 8628.47671   46  241 30711.7840 8628.47671  71.9%  12.6  150s
  1610  1104 8691.21763  146  223 30711.7840 8631.64808  71.9%  12.5  155s
  1614  1107 8755.26376  183  222 30711.7840 8631.64808  71.9%  12.5  161s
  1617  1111 8634.58852   19  218 30711.7840 8634.58852  71.9%  15.5  169s
  1622  1116 8634.58852   21  226 30711.7840 8634.58852  71.9%  15.5  170s
H 1643  1072                    28049.236000 8634.58852  69.2%  15.4  175s
H 1644  1019                    26879.126000 8634.58852  67.9%  15.4  176s
H 1646   968                    26862.384000 8634.58852  67.9%  15.4  176s
H 1673   949                    25868.926000 8634.58852  66.6%  15.4  180s
  1742   997 8638.23175   36  210 25868.9260 8634.58852  66.6%  15.2  188s
  1758  1023 8640.85017   38  212 25868.9260 8634.58852  66.6%  15.1  190s
  1872  1092 8647.73344   51  196 25868.9260 8634.58852  66.6%  14.8  196s
  1978  1126 8664.56064   63  199 25868.9260 8634.58852  66.6%  15.0  201s
  2011  1178 8657.41942   68  196 25868.9260 8634.58852  66.6%  15.0  205s
  2161  1224 8683.65109   87  197 25868.9260 8634.58852  66.6%  14.8  211s
  2200  1284 8684.24708   92  195 25868.9260 8634.58852  66.6%  14.9  215s
  2309  1318 8707.52961  103  196 25868.9260 8634.58852  66.6%  14.9  220s
  2417  1384 infeasible  117      25868.9260 8634.58852  66.6%  14.7  225s
  2533  1425 8725.01114  130  209 25868.9260 8634.58852  66.6%  14.6  230s
  2636  1488 8740.55345  144  197 25868.9260 8634.58852  66.6%  14.5  235s
H 2735  1468                    24956.720000 8634.58852  65.4%  14.5  245s
H 2736  1425                    24044.378000 8634.58852  64.1%  14.5  245s
H 2738  1382                    23104.630000 8634.58852  62.6%  14.5  245s
H 2739  1346                    19211.430000 8634.58852  55.1%  14.5  251s
H 2785  1366                    19196.856000 8634.58852  55.0%  14.7  257s
H 2792  1329                    19190.488000 8634.58852  55.0%  14.7  257s
H 2808  1290                    18216.772000 8634.58852  52.6%  14.8  257s
  2817  1328 8775.66254  166  192 18216.7720 8634.58852  52.6%  14.8  260s
  2887  1389 8788.74628  174  188 18216.7720 8634.58852  52.6%  15.1  268s
H 2943  1339                    18216.114000 8634.58852  52.6%  15.1  268s
  2944  1386 8795.89413  179  188 18216.1140 8634.58852  52.6%  15.1  273s
H 2958  1352                    18214.198000 8634.58852  52.6%  15.1  273s
  3004  1353 8811.31494  187  190 18214.1980 8634.58852  52.6%  15.2  276s
  3021  1404 8813.65743  188  190 18214.1980 8634.58852  52.6%  15.3  280s
H 3122  1434                    18214.197930 8634.58852  52.6%  15.8  285s
H 3208  1422                    18214.197923 8634.58852  52.6%  15.9  288s
  3210  1482 8862.56744  207  186 18214.1979 8634.58852  52.6%  15.9  292s
  3270  1604 8874.56565  214  182 18214.1979 8634.58852  52.6%  16.3  299s
  3420  1689 8937.93598  229  184 18214.1979 8634.58852  52.6%  16.6  304s
H 3509  1754                    16327.948000 8634.58852  47.1%  16.9  310s
  3606  1850 9137.31965  248  186 16327.9480 8634.58852  47.1%  17.2  315s
H 3621  1850                    16297.638000 8634.58852  47.0%  17.1  315s
H 3679  1850                    16297.096000 8634.58852  47.0%  17.1  315s
  3702  1967 9147.15884  255  180 16297.0960 8634.58852  47.0%  17.1  320s
H 3706  1967                    16291.638000 8634.58852  47.0%  17.1  321s
H 3770  1967                    16274.469930 8634.58852  46.9%  17.0  321s
  3830  2076 9169.72660  269  177 16274.4699 8634.58852  46.9%  16.9  328s
H 3853  2076                    16272.012000 8634.58852  46.9%  16.9  328s
H 3878  2076                    16262.102000 8634.58852  46.9%  16.8  328s
  3949  2208 9172.01165  281  171 16262.1020 8634.58852  46.9%  16.8  334s
  4099  2387 9187.98138  296  164 16262.1020 8634.58852  46.9%  16.8  340s
  4328  2539 9213.37175  315  163 16262.1020 8634.58852  46.9%  16.6  345s
  4497  2684 9234.20001  328  158 16262.1020 8634.58852  46.9%  16.5  351s
H 4514  2684                    16239.108000 8634.58852  46.8%  16.6  351s
  4658  2817 9249.08606  337  160 16239.1080 8634.58852  46.8%  16.6  357s
H 4685  2817                    16238.276000 8634.58852  46.8%  16.7  357s
H 4817  2971                    16235.334000 8634.58852  46.8%  16.7  363s
  4988  3124 9294.39914  361  158 16235.3340 8634.58852  46.8%  16.9  370s
  5173  3269 9351.70159  377  162 16235.3340 8634.58852  46.8%  17.1  376s
  5323  3498 9379.91350  387  158 16235.3340 8634.58852  46.8%  17.2  385s
H 5615  3481                    14006.618000 8634.58852  38.4%  17.0  394s
H 5617  3477                    13406.934000 8634.58852  35.6%  17.0  395s
  5620  3607 8642.83359   43  226 13406.9340 8634.58852  35.6%  17.0  401s
  5750  3878 8666.70625   82  217 13406.9340 8634.58852  35.6%  17.1  412s
H 5772  3878                    13396.792000 8634.58852  35.5%  17.0  413s
H 5928  3878                    13393.134000 8634.58852  35.5%  16.8  413s
  6047  4163 8719.76169  150  212 13393.1340 8634.58852  35.5%  16.7  422s
  6357  4339 8747.41949  226  196 13393.1340 8634.58852  35.5%  16.5  431s
  6537  4618 8765.96170  265  205 13393.1340 8634.58852  35.5%  16.4  441s
  6834  4936 8799.38759  329  194 13393.1340 8634.58852  35.5%  16.4  451s
H 7194  5015                    13326.360000 8634.58852  35.2%  16.2  458s
  7313  5370 8859.63759  433  172 13326.3600 8634.58852  35.2%  16.1  469s
H 7335  5354                    12343.102000 8634.58852  30.0%  16.1  469s
H 7701  5537                    12341.902000 8634.58852  30.0%  15.8  480s
H 7820  5537                    12340.218000 8634.58852  30.0%  15.9  480s
H 7923  5790                    12340.160000 8634.58852  30.0%  15.9  492s
  8266  6224 8973.87058  643  160 12340.1600 8634.58852  30.0%  15.9  505s
H 8775  6510                    12329.902000 8634.58852  30.0%  15.7  515s
  9083  6912 9084.92823  810  156 12329.9020 8634.58852  30.0%  15.9  527s
H 9554  7204                    12329.844000 8634.58852  30.0%  15.6  539s
  9885  7642 9195.03302  953  136 12329.8440 8634.58852  30.0%  15.5  552s
 10381  8119 10183.0750 1039  134 12329.8440 8634.58852  30.0%  15.2  575s
H10921  8212                    12312.328000 8634.58852  29.9%  15.2  586s
H10948  8209                    12167.128000 8634.58852  29.0%  15.1  586s
 11035  8615 10231.7502 1155  126 12167.1280 8634.58852  29.0%  15.2  600s
 11482  9149 10326.5071 1237  123 12167.1280 8634.58852  29.0%  15.1  615s
H12043  9150                    12115.296000 8634.58852  28.7%  14.9  626s
H12045  9148                    12058.296000 8634.58852  28.4%  14.9  626s
 12047  9628 10473.0487 1333  115 12058.2960 8634.58852  28.4%  14.9  640s
H12567  9398                    11066.580000 8634.58852  22.0%  14.8  653s
 13152  9549 10580.2735 1533  111 11066.5800 8634.58852  22.0%  14.5  661s
H13278  9549                    11066.038000 8634.58852  22.0%  14.5  662s
 13308 10054 10596.9581 1572  112 11066.0380 8634.58852  22.0%  14.5  676s
 13861 10528 10670.0993 1667  114 11066.0380 8634.58852  22.0%  14.4  692s
H14364 10529                    11044.264000 8634.58852  21.8%  14.4  702s
 14369 10821 10758.9962 1766  117 11044.2640 8634.58852  21.8%  14.4  713s
 14674 11127 10794.4049 1846  102 11044.2640 8634.58852  21.8%  14.3  728s
 14998 11566 11000.5270 1927   94 11044.2640 8634.58852  21.8%  14.1  739s
H15116 11566                    11044.206000 8634.58852  21.8%  14.1  740s
 15478 12258 8663.24664   85  202 11044.2060 8634.58852  21.8%  14.0  757s
H15740 12254                    11036.406000 8634.58852  21.8%  13.9  757s
 16224 13016 8661.02042   87  194 11036.4060 8634.58852  21.8%  13.9  770s
 17070 13676 8646.79548   44  216 11036.4060 8634.58852  21.8%  13.7  781s
H17447 11951                    10000.058000 8634.58852  13.7%  13.6  782s
H17789 12211                    9996.5160000 8634.58852  13.6%  13.5  792s
 18063 12815 8724.92285  204  203 9996.51600 8634.58852  13.6%  13.5  803s
H18741 12620                    9912.8640000 8634.58852  12.9%  13.6  822s
H18742 12606                    9896.1220000 8634.58852  12.7%  13.6  822s
H18743 12596                    9891.2060000 8634.58852  12.7%  13.6  823s
H18745 12729                    9878.6060000 8634.58852  12.6%  13.6  831s
 18939 13503 8970.69499  485  165 9878.60600 8634.58852  12.6%  13.6  842s
 19776 13886 9055.61169  655  173 9878.60600 8634.58852  12.6%  13.4  851s
H19913 13883                    9876.7480000 8634.58852  12.6%  13.4  851s
 20167 14245 9294.94071  764  175 9876.74800 8634.58852  12.6%  13.3  861s
H20235 14245                    9876.6900000 8634.58852  12.6%  13.3  861s
 20588 14246 8834.99306  376  202 9876.69000 8634.58852  12.6%  13.2  945s
H20589 13534                    9833.0060000 8634.58852  12.2%  13.2  948s
 20592 13536 9412.07049  364  259 9833.00600 8634.58852  12.2%  13.2  950s
 20601 13542 8851.70087  462  252 9833.00600 8649.42032  12.0%  13.2  957s
H20601 12865                    9832.9480000 8650.71570  12.0%  13.2  960s
 20607 12869 9198.66190  743  230 9832.94800 8652.51284  12.0%  13.2  967s
 20609 12870 8702.04063  193  238 9832.94800 8652.96860  12.0%  13.2  975s
 20612 12872 9832.94800  216  225 9832.94800 8654.70718  12.0%  13.2  981s
 20618 12876 9105.88465  825  256 9832.94800 8656.27039  12.0%  13.2  988s
 20619 12877 8710.10564  164  259 9832.94800 8656.27913  12.0%  13.2  990s
 20620 12877 8843.15227  263  288 9832.94800 8657.34211  12.0%  13.2  995s
 20622 12879 8658.52928   45  276 9832.94800 8658.52928  11.9%  13.2 1001s
H20624 12235                    9766.8900000 8659.79554  11.3%  13.2 1008s
 20626 12236 8753.79656  201  271 9766.89000 8659.80991  11.3%  13.2 1011s
 20627 12237 8734.58697  227  276 9766.89000 8660.38544  11.3%  13.2 1017s
 20630 12239 8896.59276  517  272 9766.89000 8660.89008  11.3%  13.2 1020s
H20630 11627                    9766.8320000 8661.52664  11.3%  13.2 1024s
 20633 11629 8781.98341  184  254 9766.83200 8661.68220  11.3%  13.2 1027s
 20634 11630 8984.38544  260  240 9766.83200 8662.04551  11.3%  13.2 1030s
 20637 11632 9036.09692  717  254 9766.83200 8662.20467  11.3%  13.2 1036s
 20640 11634 8669.44295   94  258 9766.83200 8662.42592  11.3%  13.2 1043s
 20641 11634 8811.43317  178  260 9766.83200 8662.45649  11.3%  13.2 1046s
H20641 11051                    9766.7740000 8663.28915  11.3%  13.2 1050s
 20645 11054 9031.61067  295  260 9766.77400 8664.48123  11.3%  13.2 1057s
 20646 11055 8664.51148   48  257 9766.77400 8664.51148  11.3%  13.2 1060s
H20646 10501                    9761.4320000 8665.25269  11.2%  13.2 1064s
 20648 10502 9421.27644 1237  265 9761.43200 8665.26869  11.2%  13.2 1067s
H20648  9976                    9761.3740000 8665.63014  11.2%  13.2 1070s
H20650  9477                    9758.9740000 8666.27363  11.2%  13.2 1079s
 20654  9480 8741.49747  158  254 9758.97400 8666.49474  11.2%  13.2 1082s
 20655  9481 8992.78496  562  269 9758.97400 8666.87917  11.2%  13.2 1085s
H20657  9007                    9753.0900000 8667.27340  11.1%  13.2 1094s
 20660  9009 8721.72725  194  307 9753.09000 8667.47095  11.1%  13.2 1098s
 20661  9010 8667.91634   49  293 9753.09000 8667.91634  11.1%  13.2 1102s
 20663  9011 9168.32363  124  297 9753.09000 8668.02888  11.1%  13.2 1105s
 20666  9013 8747.07315  226  323 9753.09000 8668.58972  11.1%  13.2 1113s
 20667  9014 8775.34924  156  328 9753.09000 8669.15622  11.1%  13.2 1117s
 20669  9015 9045.61969  741  342 9753.09000 8669.29498  11.1%  13.2 1120s
 20673  9018 8853.73589  200  326 9753.09000 8670.27282  11.1%  13.2 1126s
 20674  9018 8791.93000  189  308 9753.09000 8671.40727  11.1%  13.2 1130s
H20677  8567                    9746.6060000 8672.81372  11.0%  13.2 1139s
 20679  8569 8768.80984  215  282 9746.60600 8672.84038  11.0%  13.2 1142s
 20680  8569 8726.92870  134  265 9746.60600 8673.80571  11.0%  13.2 1148s
 20681  8570 9359.47502 1131  261 9746.60600 8673.84438  11.0%  13.2 1151s
 20682  8571 8766.84158  190  303 9746.60600 8674.20039  11.0%  13.2 1156s
 20686  8573 8730.10184  126  290 9746.60600 8675.09174  11.0%  13.2 1162s
 20689  8575 8675.44597  108  286 9746.60600 8675.44597  11.0%  13.2 1165s
 20690  8576 8702.68882  173  274 9746.60600 8675.77256  11.0%  13.2 1170s
 20692  8577 9412.07049  364  288 9746.60600 8675.90400  11.0%  13.2 1176s
 20694  8579 8813.84442  380  293 9746.60600 8676.54113  11.0%  13.2 1182s
 20697  8581 9319.04249 1001  316 9746.60600 8676.89189  11.0%  13.2 1187s
 20699  8582 8677.00222   43  313 9746.60600 8677.00222  11.0%  13.2 1190s
 20703  8585 8678.01589   94  317 9746.60600 8678.01589  11.0%  13.2 1196s
 20705  8586 8678.82116  103  352 9746.60600 8678.82116  11.0%  13.2 1203s
H20705  8155                    9746.5480000 8679.08043  11.0%  13.2 1206s
 20712  8160 9746.54800  216  323 9746.54800 8679.71002  10.9%  13.2 1210s
 20718  8164 9105.88465  825  319 9746.54800 8680.02646  10.9%  13.2 1215s
 20724  8168 8680.12569   40  345 9746.54800 8680.12569  10.9%  13.2 1220s
 20731  8172 9004.15194  273  327 9746.54800 8681.33226  10.9%  13.2 1226s
 20736  8176 8992.77226  628  333 9746.54800 8681.97440  10.9%  13.1 1230s
 20742  8180 8683.75983   64  324 9746.54800 8683.75983  10.9%  13.1 1235s
 20749  8184 9081.50214  822  356 9746.54800 8684.78564  10.9%  13.1 1240s
 20756  8189 8733.75659  261  356 9746.54800 8686.48863  10.9%  13.1 1245s
 20763  8194 9168.32363  124  333 9746.54800 8687.05190  10.9%  13.1 1250s
H20764  7781                    9746.4900000 8687.15853  10.9%  13.1 1254s
 20767  7783 8775.34924  156  333 9746.49000 8687.21416  10.9%  13.1 1256s
 20773  7787 8853.73589  200  343 9746.49000 8687.38904  10.9%  13.1 1260s
 20778  7791 9193.30032  250  348 9746.49000 8687.50832  10.9%  13.1 1265s
 20783  7794 8687.65868   62  360 9746.49000 8687.65868  10.9%  13.1 1270s
H20785  7402                    9746.0060000 8687.98369  10.9%  13.1 1275s
 20793  7408 8837.40521  138  378 9746.00600 8688.26943  10.9%  13.1 1281s
 20797  7410 9319.04249 1001  382 9746.00600 8688.48861  10.9%  13.1 1285s
 20805  7416 8689.67572  103  371 9746.00600 8689.67572  10.8%  13.1 1290s
 20810  7419 8943.37387  613  392 9746.00600 8689.87266  10.8%  13.1 1295s
 20816  7423 8886.61750  201  365 9746.00600 8690.12382  10.8%  13.1 1301s
 20819  7425 8710.10564  164  370 9746.00600 8690.23944  10.8%  13.1 1305s
 20825  7429 8742.97124  165  402 9746.00600 8690.45723  10.8%  13.1 1311s
 20829  7432 8975.15539  281  421 9746.00600 8690.65526  10.8%  13.1 1315s
 20836  7436 8992.77226  628  395 9746.00600 8692.72775  10.8%  13.1 1321s
 20841  7440 8811.43317  178  383 9746.00600 8692.98128  10.8%  13.1 1325s
 20846  7443 8693.05502   48  384 9746.00600 8693.05502  10.8%  13.1 1330s
 20849  7445 9081.50214  822  372 9746.00600 8693.14885  10.8%  13.1 1336s
 20851  7449 8693.76425   33  362 9746.00600 8693.76425  10.8%  14.2 1345s
 20853  7451 8693.76425   34  360 9746.00600 8693.76425  10.8%  14.2 1350s
H20879  7092                    9744.2060000 8693.93364  10.8%  14.2 1357s
H20912  6756                    9726.1480000 8694.20874  10.6%  14.2 1363s
 20940  6783 8694.73122   46  296 9726.14800 8694.20874  10.6%  14.2 1365s
 21024  6831 8695.67276   55  281 9726.14800 8694.20874  10.6%  14.2 1370s
 21103  6882 8703.56270   67  248 9726.14800 8694.20874  10.6%  14.2 1375s
 21200  6952 8720.30972   78  235 9726.14800 8694.20874  10.6%  14.2 1381s
 21262  6976 8741.24873   86  242 9726.14800 8694.20874  10.6%  14.2 1388s
 21282  6999 8738.84964   89  240 9726.14800 8694.20874  10.6%  14.2 1390s
H21361  6686                    9723.6320000 8694.20874  10.6%  14.2 1397s
 21392  6720 8759.61368  103  248 9723.63200 8694.20874  10.6%  14.2 1401s
 21462  6780 8765.55534  109  249 9723.63200 8694.20874  10.6%  14.2 1406s
 21501  6815 8772.69968  114  252 9723.63200 8694.20874  10.6%  14.2 1410s
 21571  6862 8777.98800  122  248 9723.63200 8694.20874  10.6%  14.2 1415s
 21628  6908 8810.88590  128  237 9723.63200 8694.20874  10.6%  14.2 1420s
H21685  6610                    9723.6319397 8694.20874  10.6%  14.2 1422s
 21720  6649 8805.42594  138  235 9723.63194 8694.20874  10.6%  14.2 1425s
 21822  6698 8820.25371  148  236 9723.63194 8694.20874  10.6%  14.3 1431s
 21920  6786 8844.74093  159  224 9723.63194 8694.20874  10.6%  14.3 1437s
 21974  6815 8856.07959  164  225 9723.63194 8694.20874  10.6%  14.3 1441s
 22022  6852 8869.16422  170  224 9723.63194 8694.20874  10.6%  14.4 1445s
 22152  6924 8897.30736  184  218 9723.63194 8694.20874  10.6%  14.5 1452s
 22226  6986 8879.41650  192  212 9723.63194 8694.20874  10.6%  14.5 1456s
 22313  7034 8910.52062  202  203 9723.63194 8694.20874  10.6%  14.5 1461s
 22397  7078     cutoff  212      9723.63194 8694.20874  10.6%  14.6 1465s
 22545  7175 9014.73242  229  194 9723.63194 8694.20874  10.6%  14.6 1473s
 22639  7224 9012.93320  239  190 9723.63194 8694.20874  10.6%  14.6 1479s
 22725  7238 9015.27598  249  180 9723.63194 8694.20874  10.6%  14.6 1482s
 22770  7314 9024.15862  254  180 9723.63194 8694.20874  10.6%  14.6 1487s
 22872  7373 9028.62307  265  176 9723.63194 8694.20874  10.6%  14.6 1492s
 22965  7357 9033.64462  274  176 9723.63194 8694.20874  10.6%  14.6 1499s
 22981  7496 9033.64481  276  178 9723.63194 8694.20874  10.6%  14.6 1504s
 23128  7650 9049.84266  288  168 9723.63194 8694.20874  10.6%  14.6 1511s
H23289  7290                    9723.6319347 8694.20874  10.6%  14.6 1511s
 23352  7540 9071.15167  306  170 9723.63193 8694.20874  10.6%  14.5 1518s
 23669  7613 9114.00608  331  157 9723.63193 8694.20874  10.6%  14.5 1525s
H23821  7271                    9721.2320000 8694.20874  10.6%  14.5 1525s
 23873  7413 9142.09839  347  161 9721.23200 8694.20874  10.6%  14.5 1532s
 24055  7610 9155.71761  360  159 9721.23200 8694.20874  10.6%  14.5 1540s
 24353  7688 9187.28164  383  158 9721.23200 8694.20874  10.6%  14.5 1547s
 24554  7720 9196.11208  397  158 9721.23200 8694.20874  10.6%  14.6 1554s
 24687  8131 9209.85138  413  160 9721.23200 8694.20874  10.6%  14.6 1564s
 25154  8160 9227.13203  444  163 9721.23200 8694.20874  10.6%  14.5 1572s
 25349  8569 9243.65008  459  148 9721.23200 8694.20874  10.6%  14.5 1583s
H25640  8195                    9721.1740000 8694.20874  10.6%  14.5 1583s
 25878  8387 9284.99863  490  149 9721.17400 8694.20874  10.6%  14.5 1593s
 26200  8500 9407.80932  515  140 9721.17400 8694.20874  10.6%  14.5 1602s
 26424  8895 9398.27559  537  140 9721.17400 8694.20874  10.6%  14.5 1614s
 26921  9091 9548.13622  572  140 9721.17400 8694.20874  10.6%  14.5 1625s
H27262  8713                    9681.4580000 8694.20874  10.2%  14.5 1625s
 27317  9300     cutoff  598      9681.45800 8694.36434  10.2%  14.5 1638s
H27318  9045                    9670.1160000 8694.36434  10.1%  14.5 1638s
 27976  9620 8844.72553  272  219 9670.11600 8694.45434  10.1%  14.4 1654s
 28845  9842 8953.63263  301  236 9670.11600 8694.45434  10.1%  14.3 1666s
H28943  9571                    9668.6260000 8694.45434  10.1%  14.3 1667s
 29392  9724 9192.59480  391  174 9668.62600 8694.45434  10.1%  14.2 1679s
H29747  9381                    9667.9680000 8694.45434  10.1%  14.1 1680s
 29748 10216 9259.10044  483  189 9667.96800 8694.48434  10.1%  14.1 1697s
 30671 10359 9090.01427  303  228 9667.96800 8694.54859  10.1%  13.9 1712s
 31231 10627 8703.87751   97  266 9667.96800 8694.54859  10.1%  14.1 1737s
 31717 11527 8907.96311  201  230 9667.96800 8694.60434  10.1%  14.0 1763s
H33006 11617                    9667.4260000 8694.60434  10.1%  13.9 1778s
H33643 11610                    9664.4260000 8694.64093  10.0%  13.8 1779s
 33802 12504 8874.19466  209  247 9664.42600 8694.65245  10.0%  13.8 1793s
H34802 12793                    9645.1680000 8694.65245  9.85%  13.6 1800s

Cutting planes:
  Gomory: 30
  Cover: 7
  Implied bound: 69
  MIR: 104
  StrongCG: 6
  Flow cover: 447
  Zero half: 192
  RLT: 32
  Relax-and-lift: 40

Explored 35245 nodes (477157 simplex iterations) in 1800.48 seconds (863.61 work units)
Thread count was 8 (of 8 available processors)

Solution count 10: 9645.17 9664.43 9667.43 ... 9723.63

Time limit reached
Best objective 9.645168000000e+03, best bound 8.694652447490e+03, gap 9.8548%

User-callback calls 349151, time in user-callback 32.41 sec
Complete at: 2022-11-05 15:56:59.646914

Optimal cost: 9645.17

